# Created by Octave 4.0.0, Sat Oct 22 14:17:33 2016 中国标准时间 <unknown@Kaiyuan-Xu>
# name: s_table
# type: matrix
# rows: 79
# columns: 3
 3428 0.000925925925925926 0.0008333333333333334
 1490 0.001851851851851852 0.001666666666666667
 916 0.002777777777777778 0.0025
 650 0.003703703703703704 0.003333333333333334
 498 0.004629629629629629 0.004166666666666667
 401 0.005555555555555556 0.005
 334 0.006481481481481481 0.005833333333333334
 285 0.007407407407407408 0.006666666666666667
 248 0.008333333333333333 0.0075
 220 0.009259259259259259 0.008333333333333333
 196 0.01018518518518519 0.009166666666666668
 177 0.01111111111111111 0.01
 162 0.01203703703703704 0.01083333333333333
 148 0.01296296296296296 0.01166666666666667
 137 0.01388888888888889 0.0125
 127 0.01481481481481482 0.01333333333333333
 119 0.01574074074074074 0.01416666666666667
 111 0.01666666666666667 0.015
 105 0.01759259259259259 0.01583333333333333
 99 0.01851851851851852 0.01666666666666667
 94 0.01944444444444444 0.0175
 89 0.02037037037037037 0.01833333333333334
 85 0.0212962962962963 0.01916666666666667
 81 0.02222222222222222 0.02
 77 0.02314814814814815 0.02083333333333333
 74 0.02407407407407407 0.02166666666666667
 71 0.025 0.0225
 68 0.02592592592592593 0.02333333333333333
 65 0.02685185185185185 0.02416666666666667
 63 0.02777777777777778 0.025
 61 0.0287037037037037 0.02583333333333333
 59 0.02962962962962963 0.02666666666666667
 57 0.03055555555555555 0.0275
 55 0.03148148148148148 0.02833333333333333
 54 0.03240740740740741 0.02916666666666667
 52 0.03333333333333333 0.03
 50 0.03425925925925926 0.03083333333333333
 49 0.03518518518518519 0.03166666666666667
 48 0.03611111111111111 0.0325
 47 0.03703703703703703 0.03333333333333333
 45 0.03796296296296296 0.03416666666666666
 44 0.03888888888888889 0.035
 43 0.03981481481481482 0.03583333333333334
 42 0.04074074074074074 0.03666666666666667
 41 0.04166666666666666 0.0375
 40 0.04259259259259259 0.03833333333333333
 39 0.04351851851851852 0.03916666666666667
 38 0.04537037037037037 0.04083333333333334
 37 0.04629629629629629 0.04166666666666666
 36 0.04722222222222222 0.0425
 35 0.04907407407407408 0.04416666666666667
 34 0.05 0.04500000000000001
 33 0.05185185185185185 0.04666666666666667
 32 0.0537037037037037 0.04833333333333333
 31 0.05555555555555555 0.05
 30 0.05740740740740741 0.05166666666666667
 29 0.05925925925925926 0.05333333333333334
 28 0.06111111111111111 0.055
 27 0.06388888888888888 0.0575
 26 0.06666666666666667 0.06
 25 0.06944444444444445 0.0625
 24 0.07222222222222222 0.065
 23 0.07592592592592592 0.06833333333333333
 22 0.07962962962962963 0.07166666666666667
 21 0.08425925925925926 0.07583333333333334
 20 0.08888888888888889 0.08
 19 0.09444444444444444 0.08500000000000001
 18 0.1009259259259259 0.09083333333333334
 17 0.1083333333333333 0.0975
 16 0.1175925925925926 0.1058333333333333
 15 0.1277777777777778 0.115
 14 0.1416666666666667 0.1275
 13 0.1574074074074074 0.1416666666666667
 12 0.1796296296296296 0.1616666666666667
 11 0.2083333333333333 0.1875
 10 0.2509259259259259 0.2258333333333334
 9 0.3185185185185185 0.2866666666666667
 8 0.4453703703703704 0.4008333333333333
 7 0.7907407407407407 0.7116666666666667


